409 0.0 0.0 -27.0 0.8
421 0.0 0.0 -27.0 0.8
426 0.0 0.0 -27.0 0.8
434 0.0 0.0 -27.0 0.8
480 0.0 0.0 -27.0 0.8
507 0.0 0.0 -27.0 0.8
533 0.0 0.0 -27.0 0.8
545 0.0 0.0 -27.0 0.8
551 0.0 0.0 -27.0 0.8
555 0.0 0.0 -27.0 0.8
560 0.0 0.0 -27.0 0.8
580 0.0 0.0 -27.0 0.8
409 0.0 0.0 -27.0 0.8
421 0.0 0.0 -27.0 0.8
426 0.0 0.0 -27.0 0.8
434 0.0 0.0 -27.0 0.8
480 0.0 0.0 -27.0 0.8
507 0.0 0.0 -27.0 0.8
533 0.0 0.0 -27.0 0.8
545 0.0 0.0 -27.0 0.8
551 0.0 0.0 -27.0 0.8
555 0.0 0.0 -27.0 0.8
560 0.0 0.0 -27.0 0.8
580 0.0 0.0 -27.0 0.8