401 0.0 0.0 -27.0 0.8
405 0.0 0.0 -27.0 0.8
410 0.0 0.0 -27.0 0.8
419 0.0 0.0 -27.0 0.8
436 0.0 0.0 -27.0 0.8
439 0.0 0.0 -27.0 0.8
445 0.0 0.0 -27.0 0.8
458 0.0 0.0 -27.0 0.8
466 0.0 0.0 -27.0 0.8
467 0.0 0.0 -27.0 0.8
482 0.0 0.0 -27.0 0.8
491 0.0 0.0 -27.0 0.8
492 0.0 0.0 -27.0 0.8
496 0.0 0.0 -27.0 0.8
516 0.0 0.0 -27.0 0.8
517 0.0 0.0 -27.0 0.8
518 0.0 0.0 -27.0 0.8
526 0.0 0.0 -27.0 0.8
527 0.0 0.0 -27.0 0.8
529 0.0 0.0 -27.0 0.8
534 0.0 0.0 -27.0 0.8
535 0.0 0.0 -27.0 0.8
536 0.0 0.0 -27.0 0.8
540 0.0 0.0 -27.0 0.8
546 0.0 0.0 -27.0 0.8
547 0.0 0.0 -27.0 0.8
550 0.0 0.0 -27.0 0.8
561 0.0 0.0 -27.0 0.8
566 0.0 0.0 -27.0 0.8
567 0.0 0.0 -27.0 0.8
575 0.0 0.0 -27.0 0.8
585 0.0 0.0 -27.0 0.8
589 0.0 0.0 -27.0 0.8
401 0.0 0.0 -27.0 0.8
405 0.0 0.0 -27.0 0.8
410 0.0 0.0 -27.0 0.8
419 0.0 0.0 -27.0 0.8
436 0.0 0.0 -27.0 0.8
439 0.0 0.0 -27.0 0.8
445 0.0 0.0 -27.0 0.8
458 0.0 0.0 -27.0 0.8
466 0.0 0.0 -27.0 0.8
467 0.0 0.0 -27.0 0.8
482 0.0 0.0 -27.0 0.8
491 0.0 0.0 -27.0 0.8
492 0.0 0.0 -27.0 0.8
496 0.0 0.0 -27.0 0.8
516 0.0 0.0 -27.0 0.8
517 0.0 0.0 -27.0 0.8
518 0.0 0.0 -27.0 0.8
526 0.0 0.0 -27.0 0.8
527 0.0 0.0 -27.0 0.8
529 0.0 0.0 -27.0 0.8
534 0.0 0.0 -27.0 0.8
535 0.0 0.0 -27.0 0.8
536 0.0 0.0 -27.0 0.8
540 0.0 0.0 -27.0 0.8
546 0.0 0.0 -27.0 0.8
547 0.0 0.0 -27.0 0.8
550 0.0 0.0 -27.0 0.8
561 0.0 0.0 -27.0 0.8
566 0.0 0.0 -27.0 0.8
567 0.0 0.0 -27.0 0.8
575 0.0 0.0 -27.0 0.8
585 0.0 0.0 -27.0 0.8
589 0.0 0.0 -27.0 0.8
401 0.0 0.0 -27.0 0.8
405 0.0 0.0 -27.0 0.8
410 0.0 0.0 -27.0 0.8
419 0.0 0.0 -27.0 0.8
436 0.0 0.0 -27.0 0.8
439 0.0 0.0 -27.0 0.8
445 0.0 0.0 -27.0 0.8
458 0.0 0.0 -27.0 0.8
466 0.0 0.0 -27.0 0.8
467 0.0 0.0 -27.0 0.8
482 0.0 0.0 -27.0 0.8
491 0.0 0.0 -27.0 0.8
492 0.0 0.0 -27.0 0.8
496 0.0 0.0 -27.0 0.8
516 0.0 0.0 -27.0 0.8
517 0.0 0.0 -27.0 0.8
518 0.0 0.0 -27.0 0.8
526 0.0 0.0 -27.0 0.8
527 0.0 0.0 -27.0 0.8
529 0.0 0.0 -27.0 0.8
534 0.0 0.0 -27.0 0.8
535 0.0 0.0 -27.0 0.8
536 0.0 0.0 -27.0 0.8
540 0.0 0.0 -27.0 0.8
546 0.0 0.0 -27.0 0.8
547 0.0 0.0 -27.0 0.8
550 0.0 0.0 -27.0 0.8
561 0.0 0.0 -27.0 0.8
566 0.0 0.0 -27.0 0.8
567 0.0 0.0 -27.0 0.8
575 0.0 0.0 -27.0 0.8
585 0.0 0.0 -27.0 0.8
589 0.0 0.0 -27.0 0.8
401 0.0 0.0 -27.0 0.8
405 0.0 0.0 -27.0 0.8
410 0.0 0.0 -27.0 0.8
419 0.0 0.0 -27.0 0.8
436 0.0 0.0 -27.0 0.8
439 0.0 0.0 -27.0 0.8
445 0.0 0.0 -27.0 0.8
458 0.0 0.0 -27.0 0.8
466 0.0 0.0 -27.0 0.8
467 0.0 0.0 -27.0 0.8
482 0.0 0.0 -27.0 0.8
491 0.0 0.0 -27.0 0.8
492 0.0 0.0 -27.0 0.8
496 0.0 0.0 -27.0 0.8
516 0.0 0.0 -27.0 0.8
517 0.0 0.0 -27.0 0.8
518 0.0 0.0 -27.0 0.8
526 0.0 0.0 -27.0 0.8
527 0.0 0.0 -27.0 0.8
529 0.0 0.0 -27.0 0.8
534 0.0 0.0 -27.0 0.8
535 0.0 0.0 -27.0 0.8
536 0.0 0.0 -27.0 0.8

