404 0.0 0.0 -27.0 0.8
412 0.0 0.0 -27.0 0.8
418 0.0 0.0 -27.0 0.8
474 0.0 0.0 -27.0 0.8
475 0.0 0.0 -27.0 0.8
479 0.0 0.0 -27.0 0.8
542 0.0 0.0 -27.0 0.8
543 0.0 0.0 -27.0 0.8
549 0.0 0.0 -27.0 0.8
576 0.0 0.0 -27.0 0.8
600 0.0 0.0 -27.0 0.8
404 0.0 0.0 -27.0 0.8
412 0.0 0.0 -27.0 0.8
418 0.0 0.0 -27.0 0.8
474 0.0 0.0 -27.0 0.8
475 0.0 0.0 -27.0 0.8
479 0.0 0.0 -27.0 0.8
542 0.0 0.0 -27.0 0.8
543 0.0 0.0 -27.0 0.8
549 0.0 0.0 -27.0 0.8
576 0.0 0.0 -27.0 0.8
600 0.0 0.0 -27.0 0.8
605 0.0 0.0 -27.0 0.8
604 0.0 0.0 -27.0 0.8