408  0.0 0.0 -27.0 0.8
413  0.0 0.0 -27.0 0.8
414  0.0 0.0 -27.0 0.8
420  0.0 0.0 -27.0 0.8
422  0.0 0.0 -27.0 0.8
423  0.0 0.0 -27.0 0.8
431  0.0 0.0 -27.0 0.8
437  0.0 0.0 -27.0 0.8
438  0.0 0.0 -27.0 0.8
440  0.0 0.0 -27.0 0.8
455  0.0 0.0 -27.0 0.8
456  0.0 0.0 -27.0 0.8
478  0.0 0.0 -27.0 0.8
498  0.0 0.0 -27.0 0.8
499  0.0 0.0 -27.0 0.8
524  0.0 0.0 -27.0 0.8
525  0.0 0.0 -27.0 0.8
531  0.0 0.0 -27.0 0.8 
552  0.0 0.0 -27.0 0.8
572 0.0 0.0 -27.0 0.8 
578  0.0 0.0 -27.0 0.8 
588  0.0 0.0 -27.0 0.8
406  0.0 0.0 -27.0 0.8
408  0.0 0.0 -27.0 0.8
413  0.0 0.0 -27.0 0.8
414  0.0 0.0 -27.0 0.8
420  0.0 0.0 -27.0 0.8
422  0.0 0.0 -27.0 0.8
423  0.0 0.0 -27.0 0.8
431  0.0 0.0 -27.0 0.8
437  0.0 0.0 -27.0 0.8
438  0.0 0.0 -27.0 0.8
440  0.0 0.0 -27.0 0.8
455  0.0 0.0 -27.0 0.8
456  0.0 0.0 -27.0 0.8
478  0.0 0.0 -27.0 0.8
498  0.0 0.0 -27.0 0.8
499  0.0 0.0 -27.0 0.8
524  0.0 0.0 -27.0 0.8
525  0.0 0.0 -27.0 0.8
531  0.0 0.0 -27.0 0.8 
552  0.0 0.0 -27.0 0.8
572 0.0 0.0 -27.0 0.8 
578  0.0 0.0 -27.0 0.8 
588  0.0 0.0 -27.0 0.8
406  0.0 0.0 -27.0 0.8
408  0.0 0.0 -27.0 0.8
413  0.0 0.0 -27.0 0.8
414  0.0 0.0 -27.0 0.8
420  0.0 0.0 -27.0 0.8
422  0.0 0.0 -27.0 0.8
423  0.0 0.0 -27.0 0.8
431  0.0 0.0 -27.0 0.8
437  0.0 0.0 -27.0 0.8
438  0.0 0.0 -27.0 0.8
440  0.0 0.0 -27.0 0.8
455  0.0 0.0 -27.0 0.8
456  0.0 0.0 -27.0 0.8
478  0.0 0.0 -27.0 0.8
498  0.0 0.0 -27.0 0.8
499  0.0 0.0 -27.0 0.8
524  0.0 0.0 -27.0 0.8
525  0.0 0.0 -27.0 0.8
531  0.0 0.0 -27.0 0.8 
552  0.0 0.0 -27.0 0.8
572 0.0 0.0 -27.0 0.8 
578  0.0 0.0 -27.0 0.8 
588  0.0 0.0 -27.0 0.8