461 0.0 0.0 -27.0 0.8
462 0.0 0.0 -27.0 0.8
463 0.0 0.0 -27.0 0.8
468 0.0 0.0 -27.0 0.8
471 0.0 0.0 -27.0 0.8
521 0.0 0.0 -27.0 0.8
522 0.0 0.0 -27.0 0.8
581 0.0 0.0 -27.0 0.8
586 0.0 0.0 -27.0 0.8
481 0.0 0.0 -27.0 0.8
509 0.0 0.0 -27.0 0.8
510 0.0 0.0 -27.0 0.8
461 0.0 0.0 -27.0 0.8
462 0.0 0.0 -27.0 0.8
463 0.0 0.0 -27.0 0.8
468 0.0 0.0 -27.0 0.8
471 0.0 0.0 -27.0 0.8
521 0.0 0.0 -27.0 0.8
522 0.0 0.0 -27.0 0.8
581 0.0 0.0 -27.0 0.8
586 0.0 0.0 -27.0 0.8
481 0.0 0.0 -27.0 0.8
509 0.0 0.0 -27.0 0.8
510 0.0 0.0 -27.0 0.8