400 0.0 0.0 -27.0 0.8
470 0.0 0.0 -27.0 0.8
489 0.0 0.0 -27.0 0.8
490 0.0 0.0 -27.0 0.8
495 0.0 0.0 -27.0 0.8
500 0.0 0.0 -27.0 0.8
554 0.0 0.0 -27.0 0.8
579 0.0 0.0 -27.0 0.8
400 0.0 0.0 -27.0 0.8
470 0.0 0.0 -27.0 0.8
489 0.0 0.0 -27.0 0.8
490 0.0 0.0 -27.0 0.8
495 0.0 0.0 -27.0 0.8
500 0.0 0.0 -27.0 0.8
554 0.0 0.0 -27.0 0.8
579 0.0 0.0 -27.0 0.8
400 0.0 0.0 -27.0 0.8
470 0.0 0.0 -27.0 0.8
489 0.0 0.0 -27.0 0.8
490 0.0 0.0 -27.0 0.8
495 0.0 0.0 -27.0 0.8
500 0.0 0.0 -27.0 0.8
554 0.0 0.0 -27.0 0.8
579 0.0 0.0 -27.0 0.8