402 0.0 0.0 -27.0 0.8
411 0.0 0.0 -27.0 0.8
415 0.0 0.0 -27.0 0.8
429 0.0 0.0 -27.0 0.8
451 0.0 0.0 -27.0 0.8
477 0.0 0.0 -27.0 0.8
506 0.0 0.0 -27.0 0.8
541 0.0 0.0 -27.0 0.8
558 0.0 0.0 -27.0 0.8
559 0.0 0.0 -27.0 0.8
562 0.0 0.0 -27.0 0.8
565 0.0 0.0 -27.0 0.8
587 0.0 0.0 -27.0 0.8
602 0.0 0.0 -27.0 0.8
603 0.0 0.0 -27.0 0.8
402 0.0 0.0 -27.0 0.8
411 0.0 0.0 -27.0 0.8
415 0.0 0.0 -27.0 0.8
429 0.0 0.0 -27.0 0.8
451 0.0 0.0 -27.0 0.8
477 0.0 0.0 -27.0 0.8
506 0.0 0.0 -27.0 0.8
541 0.0 0.0 -27.0 0.8
558 0.0 0.0 -27.0 0.8
559 0.0 0.0 -27.0 0.8
562 0.0 0.0 -27.0 0.8
565 0.0 0.0 -27.0 0.8
587 0.0 0.0 -27.0 0.8
602 0.0 0.0 -27.0 0.8
603 0.0 0.0 -27.0 0.8
402 0.0 0.0 -27.0 0.8
411 0.0 0.0 -27.0 0.8
415 0.0 0.0 -27.0 0.8
429 0.0 0.0 -27.0 0.8
451 0.0 0.0 -27.0 0.8
477 0.0 0.0 -27.0 0.8
506 0.0 0.0 -27.0 0.8
541 0.0 0.0 -27.0 0.8
558 0.0 0.0 -27.0 0.8
559 0.0 0.0 -27.0 0.8
562 0.0 0.0 -27.0 0.8
565 0.0 0.0 -27.0 0.8
587 0.0 0.0 -27.0 0.8
602 0.0 0.0 -27.0 0.8
603 0.0 0.0 -27.0 0.8